RUN snn_generalized_lt.py dataset=moving_gaussian layers=10 timesteps=2 train_ratio=0.8
layer_params layers=10 width=100 input_dim=20 lif_beta=0.9
layer_dims L1:20->100 | L2:100->100 | L3:100->100 | L4:100->100 | L5:100->100 | L6:100->100 | L7:100->100 | L8:100->100 | L9:100->100 | L10:100->100
convex_train_acc=1.000000
recon_train_acc=0.718750 recon_test_acc=0.475000 lif_train_acc=0.000000 lif_test_acc=0.000000
total_elapsed_s=278.98

RUN snn_generalized_lt.py dataset=rotated_mnist layers=10 timesteps=2 train_ratio=0.8
layer_params layers=10 width=100 input_dim=784 lif_beta=0.9
layer_dims L1:784->100 | L2:100->100 | L3:100->100 | L4:100->100 | L5:100->100 | L6:100->100 | L7:100->100 | L8:100->100 | L9:100->100 | L10:100->100
convex_train_acc=1.000000
recon_train_acc=0.756250 recon_test_acc=0.537500 lif_train_acc=0.000000 lif_test_acc=0.000000
total_elapsed_s=284.72

RUN snn_generalized_lt.py dataset=moving_gaussian layers=10 timesteps=2 train_ratio=0.8
layer_params layers=10 width=100 input_dim=20 lif_beta=0.9
layer_dims L1:20->100 | L2:100->100 | L3:100->100 | L4:100->100 | L5:100->100 | L6:100->100 | L7:100->100 | L8:100->100 | L9:100->100 | L10:100->100
D(1,1) shape = (320, 1000)
D(1,2) shape = (320, 996)
D(2,1) shape = (320, 982)
D(2,2) shape = (320, 954)
D(3,1) shape = (320, 957)
D(3,2) shape = (320, 916)
D(4,1) shape = (320, 922)
D(4,2) shape = (320, 910)
D(5,1) shape = (320, 917)
D(5,2) shape = (320, 897)
D(6,1) shape = (320, 901)
D(6,2) shape = (320, 885)
D(7,1) shape = (320, 891)
D(7,2) shape = (320, 912)
D(8,1) shape = (320, 919)
D(8,2) shape = (320, 905)
D(9,1) shape = (320, 917)
D(9,2) shape = (320, 913)
D(10,1) shape = (320, 908)
D(10,2) shape = (320, 901)
convex_train_acc=1.000000
recon_train_acc=0.718750 recon_test_acc=0.475000 lif_train_acc=0.000000 lif_test_acc=0.000000
total_elapsed_s=278.04

RUN snn_generalized_lt.py dataset=rotated_mnist layers=10 timesteps=2 train_ratio=0.8
layer_params layers=10 width=100 input_dim=784 lif_beta=0.9
layer_dims L1:784->100 | L2:100->100 | L3:100->100 | L4:100->100 | L5:100->100 | L6:100->100 | L7:100->100 | L8:100->100 | L9:100->100 | L10:100->100
D(1,1) shape = (320, 1000)
D(1,2) shape = (320, 978)
D(2,1) shape = (320, 972)
D(2,2) shape = (320, 938)
D(3,1) shape = (320, 936)
D(3,2) shape = (320, 908)
D(4,1) shape = (320, 908)
D(4,2) shape = (320, 908)
D(5,1) shape = (320, 921)
D(5,2) shape = (320, 896)
D(6,1) shape = (320, 903)
D(6,2) shape = (320, 918)
D(7,1) shape = (320, 909)
D(7,2) shape = (320, 897)
D(8,1) shape = (320, 901)
D(8,2) shape = (320, 900)
D(9,1) shape = (320, 913)
D(9,2) shape = (320, 911)
D(10,1) shape = (320, 908)
D(10,2) shape = (320, 891)
convex_train_acc=1.000000
recon_train_acc=0.756250 recon_test_acc=0.537500 lif_train_acc=0.000000 lif_test_acc=0.000000
total_elapsed_s=285.19

RUN snn_generalized_lt.py dataset=moving_gaussian layers=10 timesteps=2 train_ratio=0.8
layer_params layers=10 width=100 input_dim=20 lif_beta=0.9
layer_dims L1:20->100 | L2:100->100 | L3:100->100 | L4:100->100 | L5:100->100 | L6:100->100 | L7:100->100 | L8:100->100 | L9:100->100 | L10:100->100
D(1,1) shape = (320, 1000)
D(1,2) shape = (320, 996)
D(2,1) shape = (320, 982)
D(2,2) shape = (320, 954)
D(3,1) shape = (320, 957)
D(3,2) shape = (320, 916)
D(4,1) shape = (320, 922)
D(4,2) shape = (320, 910)
D(5,1) shape = (320, 917)
D(5,2) shape = (320, 897)
D(6,1) shape = (320, 901)
D(6,2) shape = (320, 885)
D(7,1) shape = (320, 891)
D(7,2) shape = (320, 912)
D(8,1) shape = (320, 919)
D(8,2) shape = (320, 905)
D(9,1) shape = (320, 917)
D(9,2) shape = (320, 913)
D(10,1) shape = (320, 908)
D(10,2) shape = (320, 901)
convex_primal=4.317288e-03 convex_dual=4.317280e-03 duality_gap=0.000000e+00
convex_train_acc=1.000000
recon_train_acc=0.718750 recon_test_acc=0.475000 lif_train_acc=0.000000 lif_test_acc=0.000000
total_elapsed_s=315.08

RUN snn_generalized_lt.py dataset=rotated_mnist layers=10 timesteps=2 train_ratio=0.8
layer_params layers=10 width=100 input_dim=784 lif_beta=0.9
layer_dims L1:784->100 | L2:100->100 | L3:100->100 | L4:100->100 | L5:100->100 | L6:100->100 | L7:100->100 | L8:100->100 | L9:100->100 | L10:100->100
D(1,1) shape = (320, 1000)
D(1,2) shape = (320, 978)
D(2,1) shape = (320, 972)
D(2,2) shape = (320, 938)
D(3,1) shape = (320, 936)
D(3,2) shape = (320, 908)
D(4,1) shape = (320, 908)
D(4,2) shape = (320, 908)
D(5,1) shape = (320, 921)
D(5,2) shape = (320, 896)
D(6,1) shape = (320, 903)
D(6,2) shape = (320, 918)
D(7,1) shape = (320, 909)
D(7,2) shape = (320, 897)
D(8,1) shape = (320, 901)
D(8,2) shape = (320, 900)
D(9,1) shape = (320, 913)
D(9,2) shape = (320, 911)
D(10,1) shape = (320, 908)
D(10,2) shape = (320, 891)
convex_primal=4.142596e-03 convex_dual=4.142554e-03 duality_gap=0.000000e+00
convex_train_acc=1.000000
recon_train_acc=0.756250 recon_test_acc=0.537500 lif_train_acc=0.000000 lif_test_acc=0.000000
total_elapsed_s=317.71
RUN snn_generalized_lt.py dataset=rotated_mnist layers=10 timesteps=2 train_ratio=0.8
layer_params layers=10 width=100 input_dim=784 lif_beta=0.9
layer_dims L1:784->100 | L2:100->100 | L3:100->100 | L4:100->100 | L5:100->100 | L6:100->100 | L7:100->100 | L8:100->100 | L9:100->100 | L10:100->100
D(1,1) shape = (320, 1000)
D(1,2) shape = (320, 978)
D(2,1) shape = (320, 972)
D(2,2) shape = (320, 938)
D(3,1) shape = (320, 936)
D(3,2) shape = (320, 908)
D(4,1) shape = (320, 908)
D(4,2) shape = (320, 908)
D(5,1) shape = (320, 921)
D(5,2) shape = (320, 896)
D(6,1) shape = (320, 903)
D(6,2) shape = (320, 918)
D(7,1) shape = (320, 909)
D(7,2) shape = (320, 897)
D(8,1) shape = (320, 901)
D(8,2) shape = (320, 900)
D(9,1) shape = (320, 913)
D(9,2) shape = (320, 911)
D(10,1) shape = (320, 908)
D(10,2) shape = (320, 891)
convex_primal=4.142596e-03 convex_dual=4.142554e-03 duality_gap=0.000000e+00
convex_train_acc=1.000000
recon_train_acc=0.756250 recon_test_acc=0.537500 lif_train_acc=0.000000 lif_test_acc=0.000000
total_elapsed_s=427.35

RUN snn_generalized_lt.py dataset=moving_gaussian layers=10 timesteps=2 train_ratio=0.8
layer_params layers=10 width=100 input_dim=20 lif_beta=0.9
layer_dims L1:20->100 | L2:100->100 | L3:100->100 | L4:100->100 | L5:100->100 | L6:100->100 | L7:100->100 | L8:100->100 | L9:100->100 | L10:100->100
D(1,1) shape = (320, 1000)
D(1,2) shape = (320, 996)
D(2,1) shape = (320, 982)
D(2,2) shape = (320, 954)
D(3,1) shape = (320, 957)
D(3,2) shape = (320, 916)
D(4,1) shape = (320, 922)
D(4,2) shape = (320, 910)
D(5,1) shape = (320, 917)
D(5,2) shape = (320, 897)
D(6,1) shape = (320, 901)
D(6,2) shape = (320, 885)
D(7,1) shape = (320, 891)
D(7,2) shape = (320, 912)
D(8,1) shape = (320, 919)
D(8,2) shape = (320, 905)
D(9,1) shape = (320, 917)
D(9,2) shape = (320, 913)
D(10,1) shape = (320, 908)
D(10,2) shape = (320, 901)
convex_primal=4.317288e-03 convex_dual=4.317280e-03 duality_gap=0.000000e+00
convex_train_acc=1.000000
recon_train_acc=0.718750 recon_test_acc=0.475000 lif_train_acc=0.000000 lif_test_acc=0.000000
lif_train_acc_plot=snn_generalized_lt_L10_T2_split_0.80_moving_gaussian_lif_train_acc.png
total_elapsed_s=469.30

RUN snn_generalized_lt.py dataset=rotated_mnist layers=10 timesteps=2 train_ratio=0.8
layer_params layers=10 width=100 input_dim=784 lif_beta=0.9
layer_dims L1:784->100 | L2:100->100 | L3:100->100 | L4:100->100 | L5:100->100 | L6:100->100 | L7:100->100 | L8:100->100 | L9:100->100 | L10:100->100
D(1,1) shape = (320, 1000)
D(1,2) shape = (320, 978)
D(2,1) shape = (320, 972)
D(2,2) shape = (320, 938)
D(3,1) shape = (320, 936)
D(3,2) shape = (320, 908)
D(4,1) shape = (320, 908)
D(4,2) shape = (320, 908)
D(5,1) shape = (320, 921)
D(5,2) shape = (320, 896)
D(6,1) shape = (320, 903)
D(6,2) shape = (320, 918)
D(7,1) shape = (320, 909)
D(7,2) shape = (320, 897)
D(8,1) shape = (320, 901)
D(8,2) shape = (320, 900)
D(9,1) shape = (320, 913)
D(9,2) shape = (320, 911)
D(10,1) shape = (320, 908)
D(10,2) shape = (320, 891)
convex_primal=4.142596e-03 convex_dual=4.142554e-03 duality_gap=0.000000e+00
convex_train_acc=1.000000
recon_train_acc=0.756250 recon_test_acc=0.537500 lif_train_acc=0.000000 lif_test_acc=0.000000
lif_train_acc_plot=snn_generalized_lt_L10_T2_split_0.80_rotated_mnist_lif_train_acc.png
total_elapsed_s=462.54

RUN snn_generalized_lt.py dataset=moving_gaussian layers=10 seed =0 timesteps=2 train_ratio=0.8
layer_params layers=10 width=100 input_dim=20 lif_beta=0.9
layer_dims L1:20->100 | L2:100->100 | L3:100->100 | L4:100->100 | L5:100->100 | L6:100->100 | L7:100->100 | L8:100->100 | L9:100->100 | L10:100->100
D(1,1) shape = (320, 1000)
D(1,2) shape = (320, 996)
D(2,1) shape = (320, 982)
D(2,2) shape = (320, 954)
D(3,1) shape = (320, 957)
D(3,2) shape = (320, 916)
D(4,1) shape = (320, 922)
D(4,2) shape = (320, 910)
D(5,1) shape = (320, 917)
D(5,2) shape = (320, 897)
D(6,1) shape = (320, 901)
D(6,2) shape = (320, 885)
D(7,1) shape = (320, 891)
D(7,2) shape = (320, 912)
D(8,1) shape = (320, 919)
D(8,2) shape = (320, 905)
D(9,1) shape = (320, 917)
D(9,2) shape = (320, 913)
D(10,1) shape = (320, 908)
D(10,2) shape = (320, 901)
RUN snn_generalized_lt.py dataset=moving_gaussian layers=10 seed =0 timesteps=2 train_ratio=0.8
layer_params layers=10 width=100 input_dim=20 lif_beta=0.9
layer_dims L1:20->100 | L2:100->100 | L3:100->100 | L4:100->100 | L5:100->100 | L6:100->100 | L7:100->100 | L8:100->100 | L9:100->100 | L10:100->100
D(1,1) shape = (320, 1000)
D(1,2) shape = (320, 996)
D(2,1) shape = (320, 982)
D(2,2) shape = (320, 954)
D(3,1) shape = (320, 957)
D(3,2) shape = (320, 916)
D(4,1) shape = (320, 922)
D(4,2) shape = (320, 910)
D(5,1) shape = (320, 917)
D(5,2) shape = (320, 897)
D(6,1) shape = (320, 901)
D(6,2) shape = (320, 885)
D(7,1) shape = (320, 891)
D(7,2) shape = (320, 912)
D(8,1) shape = (320, 919)
D(8,2) shape = (320, 905)
D(9,1) shape = (320, 917)
D(9,2) shape = (320, 913)
D(10,1) shape = (320, 908)
D(10,2) shape = (320, 901)
RUN snn_generalized_lt.py dataset=moving_gaussian layers=10 seed =0 timesteps=2 train_ratio=0.8
layer_params layers=10 width=100 input_dim=20 lif_beta=0.9
layer_dims L1:20->100 | L2:100->100 | L3:100->100 | L4:100->100 | L5:100->100 | L6:100->100 | L7:100->100 | L8:100->100 | L9:100->100 | L10:100->100
D(1,1) shape = (320, 1000)
D(1,2) shape = (320, 996)
D(2,1) shape = (320, 982)
D(2,2) shape = (320, 954)
D(3,1) shape = (320, 957)
D(3,2) shape = (320, 916)
D(4,1) shape = (320, 922)
D(4,2) shape = (320, 910)
D(5,1) shape = (320, 917)
D(5,2) shape = (320, 897)
D(6,1) shape = (320, 901)
D(6,2) shape = (320, 885)
D(7,1) shape = (320, 891)
D(7,2) shape = (320, 912)
D(8,1) shape = (320, 919)
D(8,2) shape = (320, 905)
D(9,1) shape = (320, 917)
D(9,2) shape = (320, 913)
D(10,1) shape = (320, 908)
D(10,2) shape = (320, 901)
convex_primal=4.317288e-03 convex_dual=4.317280e-03 duality_gap=0.000000e+00
convex_w tol=1.0e-07 zeros=295 nonzeros=606 nonzeros_gt_width=True
convex_w values_sorted=[-7.73863076e-01,-6.89844244e-01,-6.77968015e-01,-6.38744663e-01,
 -5.60994368e-01,-4.07767638e-01,-4.01202583e-01,-3.97919093e-01,
 -3.76482615e-01,-3.50133805e-01,-3.45764829e-01,-3.43522954e-01,
 -3.32139742e-01,-3.30841102e-01,-3.22266121e-01,-2.96836177e-01,
 -2.92115492e-01,-2.86291255e-01,-2.82191880e-01,-2.80430008e-01,
 -2.80290711e-01,-2.69763248e-01,-2.69151539e-01,-2.63470480e-01,
 -2.62770444e-01,-2.60823981e-01,-2.54597401e-01,-2.52400677e-01,
 -2.50285122e-01,-2.45862119e-01,-2.39543028e-01,-2.39262483e-01,
 -2.30604861e-01,-2.25065250e-01,-2.21969489e-01,-2.09175830e-01,
 -2.04374271e-01,-2.01316011e-01,-1.97037011e-01,-1.95781472e-01,
 -1.94916391e-01,-1.94631000e-01,-1.91238529e-01,-1.76495335e-01,
 -1.73571685e-01,-1.71821912e-01,-1.70309320e-01,-1.67572772e-01,
 -1.61540900e-01,-1.59052036e-01,-1.58487630e-01,-1.54111515e-01,
 -1.53853832e-01,-1.50618948e-01,-1.50560534e-01,-1.47840103e-01,
 -1.44308329e-01,-1.42099283e-01,-1.36086481e-01,-1.33975161e-01,
 -1.33207333e-01,-1.32598983e-01,-1.29090232e-01,-1.29073900e-01,
 -1.26495585e-01,-1.23414286e-01,-1.20045987e-01,-1.17422430e-01,
 -1.14767868e-01,-1.13247525e-01,-1.12558071e-01,-1.12381725e-01,
 -1.09733554e-01,-1.08046021e-01,-1.05373416e-01,-1.00313327e-01,
 -1.00109709e-01,-9.99812547e-02,-9.56269452e-02,-9.15485622e-02,
 -9.07283708e-02,-9.04748418e-02,-8.78265031e-02,-8.64778056e-02,
 -8.38580491e-02,-8.30040962e-02,-8.26224568e-02,-8.17128240e-02,
 -8.08018021e-02,-8.00878940e-02,-7.88750542e-02,-7.84091222e-02,
 -7.64211778e-02,-7.11014076e-02,-7.05413085e-02,-6.80320370e-02,
 -6.73677057e-02,-6.45934938e-02,-6.39535083e-02,-6.10089686e-02,
 -5.82503595e-02,-5.78681117e-02,-5.76182313e-02,-5.46965299e-02,
 -5.46737073e-02,-5.45119978e-02,-5.29522138e-02,-4.83389734e-02,
 -4.66895812e-02,-4.65243917e-02,-4.62294236e-02,-4.55165933e-02,
 -4.44476781e-02,-4.41990448e-02,-4.30091867e-02,-4.14548151e-02,
 -4.09276469e-02,-4.07251717e-02,-3.94413457e-02,-3.82988039e-02,
 -3.56215014e-02,-3.55141029e-02,-3.53513805e-02,-3.34298972e-02,
 -3.26779529e-02,-3.12254379e-02,-2.81401102e-02,-2.78086463e-02,
 -2.60539810e-02,-2.42221425e-02,-2.36604758e-02,-2.31968292e-02,
 -2.15547920e-02,-1.80542207e-02,-1.76557276e-02,-1.75744598e-02,
 -1.36982408e-02,-1.22371085e-02,-9.05667570e-03,-8.12498667e-03,
 -7.80118053e-03,-6.61335526e-03,-6.27029982e-03,-5.58084015e-03,
 -5.51919837e-03,-3.24663081e-03,-1.59735772e-03,-3.56081686e-04,
 -8.01485747e-07,-7.17985045e-07,-6.67757367e-07,-6.58824021e-07,
 -6.36825747e-07,-5.92980724e-07,-5.91979474e-07,-5.87725263e-07,
 -5.85241757e-07,-5.59905848e-07,-5.41545732e-07,-5.36144082e-07,
 -5.23100305e-07,-5.10621522e-07,-5.09418532e-07,-4.97981455e-07,
 -4.79094920e-07,-4.63518417e-07,-4.62176374e-07,-4.35195838e-07,
 -4.24729472e-07,-4.23967790e-07,-4.23101334e-07,-4.16219453e-07,
 -4.02624308e-07,-3.87066414e-07,-3.84380696e-07,-3.77456918e-07,
 -3.75746656e-07,-3.70172385e-07,-3.59143702e-07,-3.58053259e-07,
 -3.48236404e-07,-3.46436939e-07,-3.37816741e-07,-3.33800585e-07,
 -3.29803140e-07,-3.24658176e-07,-3.15922468e-07,-3.08138588e-07,
 -3.03942261e-07,-3.03941631e-07,-3.03318293e-07,-3.01759700e-07,
 -2.99801280e-07,-2.99199747e-07,-2.94125111e-07,-2.94031343e-07,
 -2.92847895e-07,-2.92279659e-07,-2.90551775e-07,-2.88821840e-07,
 -2.86235744e-07,-2.82768544e-07,-2.81242639e-07,-2.80960699e-07,
 -2.78907024e-07,-2.77435277e-07,-2.76865299e-07,-2.69114071e-07,
 -2.67953199e-07,-2.63280279e-07,-2.62146612e-07,-2.56808135e-07,
 -2.55341344e-07,-2.55328962e-07,-2.53356619e-07,-2.52788673e-07,
 -2.51133461e-07,-2.50576315e-07,-2.46484426e-07,-2.38456125e-07,
 -2.29630423e-07,-2.29576493e-07,-2.28523488e-07,-2.28415172e-07,
 -2.26894407e-07,-2.24835885e-07,-2.19913014e-07,-2.17013386e-07,
 -2.16210626e-07,-2.15388408e-07,-2.14313966e-07,-2.12276702e-07,
 -2.11285381e-07,-2.08691908e-07,-2.06718344e-07,-2.06184559e-07,
 -2.05205412e-07,-2.03965675e-07,-2.02669794e-07,-1.94023466e-07,
 -1.93806076e-07,-1.88005447e-07,-1.87802440e-07,-1.82934766e-07,
 -1.81905101e-07,-1.80728197e-07,-1.80516119e-07,-1.80255334e-07,
 -1.77795636e-07,-1.76970579e-07,-1.74831501e-07,-1.71076077e-07,
 -1.70847412e-07,-1.69010091e-07,-1.63518777e-07,-1.63027190e-07,
 -1.60420931e-07,-1.58920003e-07,-1.58045472e-07,-1.57666555e-07,
 -1.56907799e-07,-1.55027940e-07,-1.52751502e-07,-1.49140268e-07,
 -1.46185318e-07,-1.44435598e-07,-1.41975893e-07,-1.36106432e-07,
 -1.33820099e-07,-1.33326095e-07,-1.31499422e-07,-1.30522171e-07,
 -1.29899993e-07,-1.29671004e-07,-1.29196235e-07,-1.26594576e-07,
 -1.25651322e-07,-1.25113862e-07,-1.23309957e-07,-1.22186100e-07,
 -1.22104173e-07,-1.21944252e-07,-1.21565928e-07,-1.21212815e-07,
 -1.19811533e-07,-1.19404991e-07,-1.17330061e-07,-1.16885601e-07,
 -1.16872647e-07,-1.16594182e-07,-1.15698317e-07,-1.12802121e-07,
 -1.12016146e-07,-1.11870874e-07,-1.11532394e-07,-1.10434822e-07,
 -1.07704377e-07,-1.06345958e-07,-1.06230764e-07,-1.06082835e-07,
 -1.04171855e-07,-1.03941485e-07,-1.03527362e-07,-1.03078629e-07,
 -1.01921824e-07,-1.01351415e-07,-1.00400773e-07,-9.91570692e-08,
 -9.87882633e-08,-9.58765856e-08,-9.45525515e-08,-9.45144431e-08,
 -9.42271464e-08,-9.33209948e-08,-9.30395112e-08,-9.20601960e-08,
 -9.17941757e-08,-8.87842654e-08,-8.80959504e-08,-8.80118304e-08,
 -8.75177972e-08,-8.58402059e-08,-8.57022730e-08,-8.53117661e-08,
 -8.33291411e-08,-8.28289452e-08,-8.27534020e-08,-8.16552972e-08,
 -8.05818808e-08,-7.94836489e-08,-7.90826955e-08,-7.88732931e-08,
 -7.81275058e-08,-7.80484632e-08,-7.77602365e-08,-7.57991155e-08,
 -7.51207860e-08,-7.45041743e-08,-7.32562211e-08,-7.04855229e-08,
 -6.86313758e-08,-6.69478573e-08,-6.68518659e-08,-6.67420429e-08,
 -6.61258650e-08,-6.49368035e-08,-6.47770382e-08,-6.45505579e-08,
 -6.30910501e-08,-6.17807457e-08,-6.08519606e-08,-6.02061298e-08,
 -6.01987054e-08,-5.97126477e-08,-5.92337106e-08,-5.92033727e-08,
 -5.80507428e-08,-5.70737189e-08,-5.70347251e-08,-5.61393850e-08,
 -5.54634876e-08,-5.46109961e-08,-5.45674449e-08,-5.45211879e-08,
 -5.41597041e-08,-5.39899900e-08,-5.35388205e-08,-5.26894419e-08,
 -5.22601419e-08,-5.04735078e-08,-5.02720570e-08,-5.00190577e-08,
 -4.80430461e-08,-4.80297725e-08,-4.80236627e-08,-4.72690172e-08,
 -4.71606100e-08,-4.71543494e-08,-4.70192249e-08,-4.68199303e-08,
 -4.55406803e-08,-4.52685667e-08,-4.35917024e-08,-4.31554430e-08,
 -4.27976173e-08,-4.25538199e-08,-4.23050849e-08,-4.15458382e-08,
 -4.11886556e-08,-4.09253747e-08,-3.90524854e-08,-3.89704600e-08,
 -3.84659955e-08,-3.83902728e-08,-3.71706977e-08,-3.71410991e-08,
 -3.57445848e-08,-3.51621358e-08,-3.51466207e-08,-3.46445328e-08,
 -3.36904242e-08,-3.29253473e-08,-3.19867669e-08,-3.07774476e-08,
 -3.02263154e-08,-2.88856889e-08,-2.72802605e-08,-2.72267809e-08,
 -2.70103857e-08,-2.56794080e-08,-2.55261009e-08,-2.39228107e-08,
 -2.37421433e-08,-2.34809982e-08,-2.32140121e-08,-2.29289380e-08,
 -2.28278482e-08,-2.24846091e-08,-2.00672466e-08,-1.99668129e-08,
 -1.90869278e-08,-1.89156491e-08,-1.83587821e-08,-1.81690906e-08,
 -1.74704728e-08,-1.70666245e-08,-1.60220435e-08,-1.49310030e-08,
 -1.44308719e-08,-1.41367307e-08,-1.34189970e-08,-1.33594963e-08,
 -1.26891842e-08,-1.22657075e-08,-1.21246759e-08,-1.20338270e-08,
 -1.18105051e-08,-1.15963719e-08,-1.11087976e-08,-1.00160114e-08,
 -1.00002149e-08,-9.96725422e-09,-9.49167140e-09,-9.42818485e-09,
 -9.32228101e-09,-8.90679538e-09,-7.94073145e-09,-5.60340637e-09,
 -5.47214552e-09,-4.67487475e-09,-4.63045460e-09,-4.35228723e-09,
 -4.27680798e-09,-3.79916320e-09,-3.76444071e-09,-3.67084708e-09,
 -3.35453541e-09,-3.07600041e-09,-2.96440462e-09,-1.89176260e-09,
 -1.31035589e-09,-8.78465509e-10,-6.55321950e-10,-3.27053642e-10,
 -2.66954937e-10,-1.56292092e-16, 4.79979705e-10, 5.45224096e-10,
  7.12281595e-10, 8.43012402e-10, 1.54904263e-09, 1.99864615e-09,
  2.36481020e-09, 3.51035855e-09, 3.87092543e-09, 4.28399444e-09,
  4.55267166e-09, 5.99758388e-09, 6.68771460e-09, 8.01838618e-09,
  8.96058814e-09, 9.00918231e-09, 9.03709549e-09, 9.71602327e-09,
  1.09409444e-08, 1.15815974e-08, 1.17277009e-08, 1.39724520e-08,
  1.40572985e-08, 1.44776994e-08, 1.45298131e-08, 1.68709408e-08,
  1.72629020e-08, 1.76467177e-08, 1.83529623e-08, 1.83560717e-08,
  1.86856395e-08, 1.96583777e-08, 2.03614657e-08, 2.04179285e-08,
  2.05905753e-08, 2.11725439e-08, 2.27493517e-08, 2.31915264e-08,
  2.33567651e-08, 2.39387915e-08, 2.39633923e-08, 2.44410810e-08,
  2.47120408e-08, 2.55189817e-08, 2.62659277e-08, 2.80066007e-08,
  2.80689207e-08, 2.82305024e-08, 2.85498052e-08, 2.86853080e-08,
  2.87539502e-08, 2.91131118e-08, 2.93896836e-08, 3.01398288e-08,
  3.11639585e-08, 3.12339361e-08, 3.16043288e-08, 3.16620906e-08,
  3.17827317e-08, 3.25143341e-08, 3.31448876e-08, 3.55199209e-08,
  3.56248672e-08, 3.61186903e-08, 3.70885670e-08, 3.75619341e-08,
  3.81660308e-08, 4.01428436e-08, 4.06710385e-08, 4.12070867e-08,
  4.12139148e-08, 4.14401754e-08, 4.15029534e-08, 4.24577671e-08,
  4.34062803e-08, 4.41730549e-08, 4.47693909e-08, 4.50240794e-08,
  4.53872921e-08, 4.55867414e-08, 4.69107881e-08, 4.72605638e-08,
  4.80841495e-08, 4.81852249e-08, 4.88495874e-08, 4.88543938e-08,
  4.88716801e-08, 4.94137788e-08, 5.58750562e-08, 5.64440981e-08,
  5.64995009e-08, 5.65622435e-08, 5.72428322e-08, 5.87742859e-08,
  5.90654843e-08, 5.91028155e-08, 6.12798736e-08, 6.12977913e-08,
  6.16407654e-08, 6.22784407e-08, 6.24047781e-08, 6.44399814e-08,
  6.44767585e-08, 6.50434843e-08, 6.51735283e-08, 6.67437263e-08,
  6.85417401e-08, 6.88847464e-08, 6.96973428e-08, 7.05808334e-08,
  7.16396283e-08, 7.19185469e-08, 7.27199665e-08, 7.28218972e-08,
  7.44469382e-08, 7.53197118e-08, 7.54986017e-08, 7.83628259e-08,
  7.88637830e-08, 7.95116329e-08, 7.95919851e-08, 7.98294119e-08,
  8.10144873e-08, 8.21440169e-08, 8.33101906e-08, 8.37483430e-08,
  8.44420566e-08, 8.63360117e-08, 8.88666748e-08, 8.94656665e-08,
  9.00764868e-08, 9.12597575e-08, 9.35627487e-08, 9.37585760e-08,
  9.93162634e-08, 9.94657154e-08, 1.00171233e-07, 1.00271638e-07,
  1.00806591e-07, 1.02125596e-07, 1.02636695e-07, 1.03793554e-07,
  1.03827594e-07, 1.06481419e-07, 1.06701592e-07, 1.07473472e-07,
  1.07612265e-07, 1.11342318e-07, 1.11559639e-07, 1.11730320e-07,
  1.13737532e-07, 1.17457707e-07, 1.18128834e-07, 1.19305730e-07,
  1.21107451e-07, 1.22391668e-07, 1.23019394e-07, 1.23480613e-07,
  1.24535923e-07, 1.26610604e-07, 1.28218632e-07, 1.29313496e-07,
  1.29902551e-07, 1.30119711e-07, 1.33013839e-07, 1.33784439e-07,
  1.34738815e-07, 1.35544878e-07, 1.36416702e-07, 1.37440220e-07,
  1.40371812e-07, 1.42155521e-07, 1.44838910e-07, 1.49012724e-07,
  1.51854141e-07, 1.56697055e-07, 1.60368456e-07, 1.63855463e-07,
  1.64533819e-07, 1.65379940e-07, 1.65952538e-07, 1.69976615e-07,
  1.69991766e-07, 1.71652976e-07, 1.75131467e-07, 1.77062485e-07,
  1.77745366e-07, 1.81929214e-07, 1.84982751e-07, 1.85843589e-07,
  1.86064419e-07, 1.87694730e-07, 1.88389493e-07, 1.91427913e-07,
  1.92104463e-07, 1.93822353e-07, 1.95511817e-07, 1.99701819e-07,
  2.00653008e-07, 2.02849409e-07, 2.03573634e-07, 2.06446079e-07,
  2.06777916e-07, 2.06804475e-07, 2.08789404e-07, 2.13883691e-07,
  2.24735130e-07, 2.24946547e-07, 2.26184168e-07, 2.27084267e-07,
  2.31167889e-07, 2.31512030e-07, 2.33353595e-07, 2.33589958e-07,
  2.34932915e-07, 2.35341931e-07, 2.40099440e-07, 2.44684048e-07,
  2.51185188e-07, 2.52470697e-07, 2.56677390e-07, 2.63532409e-07,
  2.64973519e-07, 2.73517952e-07, 2.74156652e-07, 2.75887065e-07,
  2.83476185e-07, 2.87630871e-07, 2.90576619e-07, 2.99538670e-07,
  2.99686533e-07, 3.28493392e-07, 3.29309771e-07, 3.31855503e-07,
  3.37780420e-07, 3.39788629e-07, 3.46006176e-07, 3.46800016e-07,
  3.53779207e-07, 3.63089719e-07, 3.67910355e-07, 3.71714882e-07,
  3.72323869e-07, 3.80776436e-07, 3.94819897e-07, 4.07953737e-07,
  4.11156627e-07, 4.20249184e-07, 4.22693675e-07, 4.25861752e-07,
  4.47404718e-07, 4.67800867e-07, 4.70228481e-07, 4.79738065e-07,
  4.97873588e-07, 5.25280311e-07, 5.29634918e-07, 5.34309457e-07,
  5.77493369e-07, 5.85471353e-07, 5.92356979e-07, 6.25096433e-07,
  6.39103058e-07, 6.80442515e-07, 5.75338601e-04, 3.03541886e-03,
  3.05698145e-03, 3.15419258e-03, 3.33914433e-03, 3.37729036e-03,
  5.12123179e-03, 7.74592120e-03, 8.55920486e-03, 1.37917485e-02,
  1.60192949e-02, 1.72870199e-02, 1.75905784e-02, 1.84991702e-02,
  1.90557573e-02, 1.90817004e-02, 1.98360971e-02, 1.98981923e-02,
  2.04502786e-02, 2.05008499e-02, 2.21670624e-02, 2.25896721e-02,
  2.34143748e-02, 2.44839963e-02, 2.55538987e-02, 2.69359761e-02,
  2.83844116e-02, 3.00970164e-02, 3.41046737e-02, 3.43561012e-02,
  3.55432074e-02, 3.59931232e-02, 3.62036719e-02, 3.62172774e-02,
  3.64010301e-02, 3.92028385e-02, 3.93943344e-02, 4.15254690e-02,
  4.35848776e-02, 4.53140831e-02, 4.54364159e-02, 4.62068464e-02,
  4.78011329e-02, 4.95107305e-02, 4.96097566e-02, 5.02393376e-02,
  5.09482511e-02, 5.34586129e-02, 5.42797891e-02, 5.61181612e-02,
  5.75623018e-02, 5.91112063e-02, 6.01453633e-02, 6.21444222e-02,
  6.25324366e-02, 6.28493623e-02, 6.40829538e-02, 6.52412692e-02,
  6.58413811e-02, 6.66708846e-02, 6.70614647e-02, 6.77553548e-02,
  6.88689848e-02, 7.07673423e-02, 7.28930810e-02, 7.39982933e-02,
  7.49350425e-02, 7.50531102e-02, 7.61281215e-02, 7.83271493e-02,
  7.84168651e-02, 8.00945739e-02, 8.19911277e-02, 8.32747146e-02,
  8.38892771e-02, 8.75452226e-02, 8.79775776e-02, 8.83630101e-02,
  9.09763053e-02, 1.00318595e-01, 1.00975417e-01, 1.01741287e-01,
  1.04975381e-01, 1.05379177e-01, 1.08305707e-01, 1.09590677e-01,
  1.10510171e-01, 1.12142456e-01, 1.12323696e-01, 1.13629605e-01,
  1.19776790e-01, 1.19995390e-01, 1.20990406e-01, 1.23750268e-01,
  1.24355950e-01, 1.26005850e-01, 1.26336467e-01, 1.27372488e-01,
  1.29995357e-01, 1.30706750e-01, 1.30865059e-01, 1.31406763e-01,
  1.31654350e-01, 1.32304027e-01, 1.32426474e-01, 1.32484605e-01,
  1.32779600e-01, 1.34278132e-01, 1.34964128e-01, 1.36002253e-01,
  1.38375253e-01, 1.39784267e-01, 1.42621350e-01, 1.43915863e-01,
  1.46088102e-01, 1.47429705e-01, 1.48951251e-01, 1.50559375e-01,
  1.52358008e-01, 1.54504921e-01, 1.55173322e-01, 1.56999158e-01,
  1.57631036e-01, 1.62493093e-01, 1.63639531e-01, 1.67720811e-01,
  1.73852377e-01, 1.75587903e-01, 1.76967402e-01, 1.77784682e-01,
  1.83000139e-01, 1.84610219e-01, 1.85602159e-01, 1.88079058e-01,
  1.89501070e-01, 1.92888277e-01, 1.93814245e-01, 1.94675624e-01,
  1.95509044e-01, 1.99006395e-01, 2.02144711e-01, 2.08105160e-01,
  2.08546339e-01, 2.08650545e-01, 2.15455890e-01, 2.28139097e-01,
  2.28924313e-01, 2.36027310e-01, 2.39289430e-01, 2.40396806e-01,
  2.43404982e-01, 2.45200904e-01, 2.46744524e-01, 2.60048765e-01,
  2.63098399e-01, 2.66101686e-01, 2.68432757e-01, 2.74321065e-01,
  2.75962639e-01, 2.78798792e-01, 2.79360597e-01, 2.96874463e-01,
  3.06712158e-01, 3.09320898e-01, 3.18223020e-01, 3.38017092e-01,
  3.46604027e-01, 3.67076310e-01, 5.27910082e-01, 5.94820465e-01,
  6.47215343e-01]
convex_train_acc=1.000000
recon_train_acc=0.528125 recon_test_acc=0.537500 lif_train_acc=0.996875 lif_test_acc=0.987500
lif_train_acc_plot=snn_generalized_lt_L10_T2_split_0.80_moving_gaussian_lif_train_acc.png
total_elapsed_s=158.83

RUN snn_generalized_lt.py dataset=rotated_mnist layers=10 seed =0 timesteps=2 train_ratio=0.8
layer_params layers=10 width=100 input_dim=784 lif_beta=0.9
layer_dims L1:784->100 | L2:100->100 | L3:100->100 | L4:100->100 | L5:100->100 | L6:100->100 | L7:100->100 | L8:100->100 | L9:100->100 | L10:100->100
D(1,1) shape = (320, 1000)
D(1,2) shape = (320, 978)
D(2,1) shape = (320, 972)
D(2,2) shape = (320, 938)
D(3,1) shape = (320, 936)
D(3,2) shape = (320, 908)
D(4,1) shape = (320, 908)
D(4,2) shape = (320, 908)
D(5,1) shape = (320, 921)
D(5,2) shape = (320, 896)
D(6,1) shape = (320, 903)
D(6,2) shape = (320, 918)
D(7,1) shape = (320, 909)
D(7,2) shape = (320, 897)
D(8,1) shape = (320, 901)
D(8,2) shape = (320, 900)
D(9,1) shape = (320, 913)
D(9,2) shape = (320, 911)
D(10,1) shape = (320, 908)
D(10,2) shape = (320, 891)
convex_primal=4.142596e-03 convex_dual=4.142554e-03 duality_gap=0.000000e+00
convex_w tol=1.0e-07 zeros=75 nonzeros=816 nonzeros_gt_width=True
convex_w values_sorted=[-7.60790263e-01,-6.11510498e-01,-5.30893123e-01,-4.70930464e-01,
 -4.65141130e-01,-4.42718963e-01,-4.40861523e-01,-4.02168577e-01,
 -3.88098668e-01,-3.84275306e-01,-3.80065251e-01,-3.57883529e-01,
 -3.56927494e-01,-3.38143163e-01,-3.30882095e-01,-3.17852873e-01,
 -3.13359792e-01,-3.07355653e-01,-3.04331115e-01,-2.96268532e-01,
 -2.94803573e-01,-2.84417391e-01,-2.79400666e-01,-2.69860246e-01,
 -2.58468655e-01,-2.58396217e-01,-2.52494596e-01,-2.49913858e-01,
 -2.49617040e-01,-2.48127662e-01,-2.46097359e-01,-2.40962125e-01,
 -2.25754140e-01,-2.07729944e-01,-2.04819921e-01,-2.03465780e-01,
 -2.02105982e-01,-1.92462429e-01,-1.90513823e-01,-1.86764516e-01,
 -1.81858043e-01,-1.80778312e-01,-1.77927334e-01,-1.70874115e-01,
 -1.70292813e-01,-1.63306652e-01,-1.61778436e-01,-1.60257843e-01,
 -1.52631046e-01,-1.49912269e-01,-1.48916592e-01,-1.47534491e-01,
 -1.44154944e-01,-1.43448524e-01,-1.33024833e-01,-1.32332992e-01,
 -1.23894659e-01,-1.22361912e-01,-1.21727884e-01,-1.21318456e-01,
 -1.18430754e-01,-1.17834512e-01,-1.17389162e-01,-1.14120944e-01,
 -1.12719806e-01,-1.10601365e-01,-1.08027247e-01,-1.07873878e-01,
 -1.07344360e-01,-9.92109334e-02,-9.71675444e-02,-9.68798649e-02,
 -9.65170989e-02,-9.58742450e-02,-9.57507377e-02,-9.42709594e-02,
 -9.40642136e-02,-9.22865684e-02,-8.94151770e-02,-8.85239420e-02,
 -8.73549381e-02,-8.52287484e-02,-8.29268309e-02,-8.23762845e-02,
 -8.03645073e-02,-8.01373104e-02,-7.98356971e-02,-7.49965448e-02,
 -7.26071683e-02,-7.18881316e-02,-7.18786179e-02,-7.04127922e-02,
 -7.03013241e-02,-6.93370180e-02,-6.89492845e-02,-6.55207439e-02,
 -6.39829746e-02,-6.09582031e-02,-6.09254153e-02,-6.06040814e-02,
 -5.89571155e-02,-5.82266966e-02,-5.71460521e-02,-5.64182074e-02,
 -5.43079880e-02,-5.33317962e-02,-4.88454647e-02,-4.70987828e-02,
 -4.70632163e-02,-4.49871743e-02,-4.30608535e-02,-4.06525710e-02,
 -3.98776665e-02,-3.97430252e-02,-3.93058950e-02,-3.79789484e-02,
 -3.76332469e-02,-3.50648460e-02,-3.41565209e-02,-3.38550909e-02,
 -3.21732368e-02,-2.71244085e-02,-2.70968804e-02,-2.67026495e-02,
 -2.61814512e-02,-2.46724996e-02,-2.33478195e-02,-2.30627460e-02,
 -2.23244628e-02,-2.08938941e-02,-2.08483566e-02,-2.02734539e-02,
 -2.00165583e-02,-1.94534268e-02,-1.91184490e-02,-1.81808101e-02,
 -1.72895785e-02,-1.71304634e-02,-1.58325597e-02,-1.56087363e-02,
 -1.30036565e-02,-1.24933427e-02,-1.14240955e-02,-1.07445764e-02,
 -8.88304204e-03,-8.52810969e-03,-8.10477412e-03,-7.96811025e-03,
 -6.93260707e-03,-5.87714275e-03,-4.90718059e-03,-4.07563504e-03,
 -2.58829307e-03,-1.23527004e-03,-9.94737801e-04,-4.54919011e-06,
 -3.50756929e-06,-3.36393228e-06,-3.23280052e-06,-3.13107727e-06,
 -2.93294040e-06,-2.84371119e-06,-2.74909968e-06,-2.72671309e-06,
 -2.66796477e-06,-2.66044944e-06,-2.63859233e-06,-2.59447640e-06,
 -2.57581330e-06,-2.52342380e-06,-2.51574499e-06,-2.37996533e-06,
 -2.37580230e-06,-2.23847062e-06,-2.19088094e-06,-2.11763064e-06,
 -2.07414993e-06,-2.06663206e-06,-2.05802516e-06,-2.02264126e-06,
 -1.97856376e-06,-1.95989774e-06,-1.88027831e-06,-1.81312370e-06,
 -1.77854862e-06,-1.71183534e-06,-1.68840256e-06,-1.67707912e-06,
 -1.66166584e-06,-1.64821189e-06,-1.60194774e-06,-1.52585616e-06,
 -1.50734863e-06,-1.50624746e-06,-1.44321906e-06,-1.42592741e-06,
 -1.41440861e-06,-1.41408148e-06,-1.41266746e-06,-1.39388473e-06,
 -1.37128228e-06,-1.35681474e-06,-1.27122026e-06,-1.25095570e-06,
 -1.24661734e-06,-1.23968589e-06,-1.23162242e-06,-1.22849865e-06,
 -1.19276607e-06,-1.14853467e-06,-1.12765787e-06,-1.11956047e-06,
 -1.11834073e-06,-1.11613476e-06,-1.11113423e-06,-1.10912404e-06,
 -1.08958070e-06,-1.08416820e-06,-1.07159808e-06,-1.03239859e-06,
 -1.01903103e-06,-1.00400086e-06,-1.00324730e-06,-9.99496461e-07,
 -9.84230098e-07,-9.67512894e-07,-9.65971743e-07,-9.63179576e-07,
 -9.60370530e-07,-9.19858094e-07,-9.14724274e-07,-9.04349337e-07,
 -9.04025494e-07,-8.97429956e-07,-8.91486165e-07,-8.69070926e-07,
 -8.63776824e-07,-8.54736724e-07,-8.47013684e-07,-8.43709654e-07,
 -8.41370202e-07,-8.40962322e-07,-8.34186510e-07,-8.32935901e-07,
 -8.01434534e-07,-7.92067204e-07,-7.86937524e-07,-7.76955274e-07,
 -7.72273719e-07,-7.69633097e-07,-7.61181661e-07,-7.53397537e-07,
 -7.44123134e-07,-7.43098691e-07,-7.37868648e-07,-7.30968138e-07,
 -7.26455383e-07,-7.24351335e-07,-7.18728806e-07,-7.13921050e-07,
 -7.05187726e-07,-7.03869248e-07,-6.88707438e-07,-6.74449697e-07,
 -6.71608431e-07,-6.70149692e-07,-6.58593628e-07,-6.54622665e-07,
 -6.46617484e-07,-6.42412633e-07,-6.38766398e-07,-6.30647908e-07,
 -6.29171369e-07,-6.22676340e-07,-6.20725861e-07,-6.16079047e-07,
 -6.11767738e-07,-5.91682536e-07,-5.74914898e-07,-5.73515484e-07,
 -5.66101795e-07,-5.59602578e-07,-5.59184008e-07,-5.55885352e-07,
 -5.55552692e-07,-5.53096961e-07,-5.50193222e-07,-5.28406667e-07,
 -5.28319347e-07,-5.28282092e-07,-5.28157285e-07,-5.15011576e-07,
 -5.05904588e-07,-5.01825130e-07,-4.99867560e-07,-4.97859950e-07,
 -4.89770734e-07,-4.82166327e-07,-4.63931896e-07,-4.60354538e-07,
 -4.47293884e-07,-4.46671455e-07,-4.42354870e-07,-4.37656636e-07,
 -4.36452602e-07,-4.31817792e-07,-4.23869220e-07,-4.20340994e-07,
 -4.18283452e-07,-4.17489686e-07,-4.17050061e-07,-4.16855985e-07,
 -4.12978996e-07,-4.04203895e-07,-3.99906204e-07,-3.96674635e-07,
 -3.82700084e-07,-3.81833393e-07,-3.80881686e-07,-3.79556752e-07,
 -3.79169549e-07,-3.79162922e-07,-3.78895026e-07,-3.74169145e-07,
 -3.71595797e-07,-3.71369374e-07,-3.69062789e-07,-3.68037049e-07,
 -3.59154809e-07,-3.51281952e-07,-3.48259025e-07,-3.42057667e-07,
 -3.34704520e-07,-3.31404831e-07,-3.29869679e-07,-3.22958984e-07,
 -3.15994987e-07,-3.15470049e-07,-3.07782950e-07,-3.03962273e-07,
 -3.03358922e-07,-3.00479694e-07,-2.98950964e-07,-2.95055710e-07,
 -2.94054652e-07,-2.93878406e-07,-2.93697814e-07,-2.91940128e-07,
 -2.83889722e-07,-2.83423721e-07,-2.80354775e-07,-2.77373174e-07,
 -2.74774032e-07,-2.70682738e-07,-2.69637457e-07,-2.68403278e-07,
 -2.67579826e-07,-2.64966488e-07,-2.63394920e-07,-2.61572521e-07,
 -2.55559191e-07,-2.53303697e-07,-2.51750402e-07,-2.48737666e-07,
 -2.48624563e-07,-2.45028526e-07,-2.43035096e-07,-2.40921700e-07,
 -2.40414850e-07,-2.38667751e-07,-2.37703764e-07,-2.32092344e-07,
 -2.23722540e-07,-2.21401382e-07,-2.16032201e-07,-2.06760940e-07,
 -2.05643881e-07,-1.92918806e-07,-1.88533216e-07,-1.86374755e-07,
 -1.85113446e-07,-1.84779131e-07,-1.77800228e-07,-1.72284843e-07,
 -1.70894028e-07,-1.65663960e-07,-1.64443564e-07,-1.62066552e-07,
 -1.53771001e-07,-1.52612123e-07,-1.49569448e-07,-1.37041391e-07,
 -1.36999815e-07,-1.36099321e-07,-1.26978028e-07,-1.24912427e-07,
 -1.17172535e-07,-1.14511334e-07,-1.10939668e-07,-1.07479889e-07,
 -1.06491180e-07,-1.05629260e-07,-1.03672343e-07,-9.36968483e-08,
 -9.18776139e-08,-8.83178393e-08,-8.12754570e-08,-8.05633806e-08,
 -7.72930238e-08,-7.44795381e-08,-7.27327278e-08,-7.11677847e-08,
 -7.02910554e-08,-6.51147085e-08,-6.41784947e-08,-6.35103275e-08,
 -6.33609178e-08,-6.01065622e-08,-5.97768543e-08,-5.71915762e-08,
 -5.49602540e-08,-5.00715808e-08,-4.88699592e-08,-4.72750924e-08,
 -4.68761722e-08,-4.54576358e-08,-4.48800100e-08,-4.23383551e-08,
 -3.75112865e-08,-3.48746460e-08,-3.42540597e-08,-2.94225140e-08,
 -2.90536576e-08,-2.35539194e-08,-1.90091043e-08,-1.84382937e-08,
 -1.78577771e-08,-1.71377858e-08,-1.38596705e-08,-1.37074798e-08,
 -1.22451047e-08,-1.16690820e-08,-1.16671378e-08,-8.28383644e-09,
 -5.03609629e-09,-3.86644895e-17, 2.37353284e-09, 2.99072055e-09,
  3.05135134e-09, 8.54040295e-09, 1.73976661e-08, 1.84514098e-08,
  1.94544042e-08, 2.19226082e-08, 2.26299117e-08, 2.83015108e-08,
  2.85941995e-08, 2.92023712e-08, 3.25644067e-08, 3.63639628e-08,
  4.00524640e-08, 4.33341813e-08, 4.41020833e-08, 4.86008932e-08,
  4.89318692e-08, 5.51081767e-08, 5.82862514e-08, 5.92995149e-08,
  6.17606957e-08, 6.93193293e-08, 6.96764315e-08, 7.00536303e-08,
  7.75721639e-08, 8.31327737e-08, 8.60961297e-08, 9.01241321e-08,
  9.26766703e-08, 9.89154246e-08, 1.00955633e-07, 1.01504942e-07,
  1.02055647e-07, 1.05362158e-07, 1.05923968e-07, 1.11224296e-07,
  1.12643012e-07, 1.28224860e-07, 1.31499994e-07, 1.32324315e-07,
  1.35679596e-07, 1.37509823e-07, 1.42326893e-07, 1.43090140e-07,
  1.49101050e-07, 1.54197982e-07, 1.56586578e-07, 1.69521986e-07,
  1.69548266e-07, 1.73128640e-07, 1.75203803e-07, 1.77248134e-07,
  1.80342580e-07, 1.85426213e-07, 1.85473329e-07, 1.86893520e-07,
  1.88239080e-07, 1.88544503e-07, 1.91162510e-07, 1.97839758e-07,
  1.98783230e-07, 1.99472907e-07, 1.99675356e-07, 2.01642235e-07,
  2.05406497e-07, 2.09047661e-07, 2.11404811e-07, 2.12418748e-07,
  2.14158831e-07, 2.15544934e-07, 2.21719017e-07, 2.22571977e-07,
  2.25846478e-07, 2.28561198e-07, 2.29471722e-07, 2.29715158e-07,
  2.31501247e-07, 2.32556555e-07, 2.35396480e-07, 2.35685257e-07,
  2.36682891e-07, 2.38118353e-07, 2.41369192e-07, 2.42829571e-07,
  2.44846592e-07, 2.48340808e-07, 2.54899906e-07, 2.55835254e-07,
  2.69964540e-07, 2.72482656e-07, 2.75484637e-07, 2.79010975e-07,
  2.79777044e-07, 2.83315926e-07, 2.84243489e-07, 2.90757506e-07,
  3.00869123e-07, 3.03766592e-07, 3.07393914e-07, 3.09066698e-07,
  3.20824880e-07, 3.22663799e-07, 3.27228506e-07, 3.30099975e-07,
  3.30491885e-07, 3.32380808e-07, 3.33750363e-07, 3.36208810e-07,
  3.40573294e-07, 3.43779548e-07, 3.50005767e-07, 3.51362166e-07,
  3.51371552e-07, 3.55274769e-07, 3.55682230e-07, 3.68134382e-07,
  3.71142820e-07, 3.72372532e-07, 3.75737428e-07, 3.78424352e-07,
  3.78865915e-07, 3.84550890e-07, 3.88025560e-07, 3.96274825e-07,
  4.05144451e-07, 4.06477797e-07, 4.10954794e-07, 4.22269653e-07,
  4.22659479e-07, 4.23591358e-07, 4.24967176e-07, 4.38143913e-07,
  4.56605440e-07, 4.66921506e-07, 4.69850724e-07, 4.71946101e-07,
  4.80642157e-07, 4.81003499e-07, 4.89578467e-07, 4.91326372e-07,
  4.92459271e-07, 4.95023082e-07, 4.98129303e-07, 4.99816281e-07,
  5.02110393e-07, 5.06775755e-07, 5.09359147e-07, 5.10500303e-07,
  5.17518171e-07, 5.37957933e-07, 5.42304460e-07, 5.60450540e-07,
  5.67901266e-07, 5.68631536e-07, 5.69196199e-07, 5.73440294e-07,
  5.93260546e-07, 6.00053444e-07, 6.09345975e-07, 6.30393334e-07,
  6.59330392e-07, 6.64925268e-07, 6.76062990e-07, 6.78091133e-07,
  6.83882513e-07, 6.87195026e-07, 6.89473440e-07, 6.93653793e-07,
  6.98126266e-07, 7.15947473e-07, 7.17547463e-07, 7.35258402e-07,
  7.36158483e-07, 7.42793719e-07, 7.52603573e-07, 7.60843179e-07,
  7.68244280e-07, 7.84477478e-07, 8.13632714e-07, 8.14995244e-07,
  8.31346870e-07, 8.33354259e-07, 8.38874500e-07, 8.49710766e-07,
  8.61280611e-07, 8.68153708e-07, 8.70013804e-07, 8.76605392e-07,
  8.80446735e-07, 8.86191973e-07, 9.05225336e-07, 9.21957803e-07,
  9.29978165e-07, 9.41803034e-07, 9.44998367e-07, 9.46139129e-07,
  9.47454345e-07, 9.68444214e-07, 1.01327373e-06, 1.02217369e-06,
  1.03614830e-06, 1.04057444e-06, 1.05093004e-06, 1.05464317e-06,
  1.05570157e-06, 1.08060137e-06, 1.08084538e-06, 1.08477929e-06,
  1.09284735e-06, 1.09625795e-06, 1.09650003e-06, 1.09771337e-06,
  1.10751933e-06, 1.11426133e-06, 1.11764993e-06, 1.13442979e-06,
  1.14645670e-06, 1.15517738e-06, 1.17509947e-06, 1.18206390e-06,
  1.19839994e-06, 1.21429974e-06, 1.23207773e-06, 1.23662066e-06,
  1.23949144e-06, 1.27948814e-06, 1.28300895e-06, 1.29195179e-06,
  1.29716491e-06, 1.32817392e-06, 1.36774897e-06, 1.43390240e-06,
  1.45679084e-06, 1.45697212e-06, 1.46179026e-06, 1.49065597e-06,
  1.49078983e-06, 1.49158598e-06, 1.49540992e-06, 1.50140747e-06,
  1.53095303e-06, 1.58048179e-06, 1.58390633e-06, 1.62539056e-06,
  1.63909182e-06, 1.64173076e-06, 1.66213809e-06, 1.66957477e-06,
  1.70593712e-06, 1.71055099e-06, 1.73072402e-06, 1.73426842e-06,
  1.76714625e-06, 1.77277767e-06, 1.80981092e-06, 1.83313756e-06,
  1.88627950e-06, 1.92743037e-06, 2.06718120e-06, 2.14962190e-06,
  2.15950169e-06, 2.23636085e-06, 2.30499722e-06, 2.38772418e-06,
  2.52734553e-06, 2.53829981e-06, 2.63519264e-06, 2.72449418e-06,
  2.73239574e-06, 2.93983578e-06, 2.96946496e-06, 3.06512957e-06,
  3.30180422e-06, 3.64925690e-06, 3.73612268e-06, 3.76170312e-06,
  3.94702656e-06, 4.38587155e-06, 3.87245460e-04, 1.11652581e-03,
  2.25278998e-03, 2.39648200e-03, 3.00013050e-03, 3.21978587e-03,
  4.51414429e-03, 4.64542345e-03, 5.09916320e-03, 6.46704946e-03,
  6.73853415e-03, 7.00177736e-03, 7.07582526e-03, 8.25396697e-03,
  9.20208186e-03, 1.00353133e-02, 1.09127098e-02, 1.09196889e-02,
  1.09633177e-02, 1.17445900e-02, 1.19611687e-02, 1.27360971e-02,
  1.37341968e-02, 1.63029442e-02, 1.76683290e-02, 1.77438678e-02,
  1.96653107e-02, 2.00793763e-02, 2.05938015e-02, 2.06330038e-02,
  2.27783054e-02, 2.31319151e-02, 2.31890109e-02, 2.33924327e-02,
  2.36510602e-02, 2.49392902e-02, 2.78835481e-02, 2.95181912e-02,
  2.97864400e-02, 2.99752582e-02, 3.34579948e-02, 3.52351257e-02,
  3.85332377e-02, 3.91713297e-02, 3.93701830e-02, 3.99005572e-02,
  4.12608845e-02, 4.14226674e-02, 4.83769811e-02, 4.87943317e-02,
  4.90578080e-02, 5.14952573e-02, 5.34856337e-02, 5.37541683e-02,
  5.42252426e-02, 5.58462699e-02, 5.65204466e-02, 5.78072354e-02,
  6.16158949e-02, 6.26651584e-02, 6.48179778e-02, 6.54573119e-02,
  6.56023215e-02, 6.57922562e-02, 6.72368380e-02, 6.76950795e-02,
  6.86488980e-02, 6.86901245e-02, 6.96101469e-02, 7.44087368e-02,
  7.54544588e-02, 7.79055202e-02, 7.88834738e-02, 8.10422925e-02,
  8.25065001e-02, 8.79767591e-02, 8.85085889e-02, 9.01858778e-02,
  9.08769610e-02, 9.19031101e-02, 9.20528483e-02, 9.22654736e-02,
  9.29278102e-02, 9.33441083e-02, 9.49709491e-02, 9.58504165e-02,
  9.60180203e-02, 9.61085970e-02, 9.71904900e-02, 9.74378535e-02,
  9.95969045e-02, 1.01591147e-01, 1.03046769e-01, 1.05047449e-01,
  1.06478096e-01, 1.07245167e-01, 1.07291128e-01, 1.07659117e-01,
  1.08234751e-01, 1.09046944e-01, 1.11857316e-01, 1.11985262e-01,
  1.12377966e-01, 1.15928486e-01, 1.16943565e-01, 1.18117354e-01,
  1.21089520e-01, 1.21197275e-01, 1.21853135e-01, 1.23894395e-01,
  1.24908185e-01, 1.26891454e-01, 1.27610491e-01, 1.33684665e-01,
  1.38243583e-01, 1.39271671e-01, 1.39745065e-01, 1.52754545e-01,
  1.53752158e-01, 1.54836691e-01, 1.58727329e-01, 1.59487202e-01,
  1.59523050e-01, 1.66825407e-01, 1.68513001e-01, 1.69585908e-01,
  1.73048429e-01, 1.75160311e-01, 1.76035507e-01, 1.76854076e-01,
  1.77307227e-01, 1.80053469e-01, 1.81758366e-01, 1.85324031e-01,
  1.85707091e-01, 1.88545857e-01, 2.13432923e-01, 2.38687299e-01,
  2.43333398e-01, 2.46326979e-01, 2.50114019e-01, 2.53220603e-01,
  2.59640660e-01, 2.60697163e-01, 2.69735703e-01, 2.72351946e-01,
  2.75257740e-01, 2.77602626e-01, 2.90365215e-01, 3.00736001e-01,
  3.11751983e-01, 3.16033504e-01, 3.56955612e-01, 3.62109289e-01,
  3.72200320e-01, 3.76500578e-01, 3.88732350e-01, 4.39923135e-01,
  4.43278405e-01, 4.58618469e-01, 4.63780086e-01, 4.72508361e-01,
  5.00894420e-01, 5.10683355e-01, 6.83450044e-01]
convex_train_acc=1.000000
recon_train_acc=0.556250 recon_test_acc=0.562500 lif_train_acc=0.556250 lif_test_acc=0.562500
lif_train_acc_plot=snn_generalized_lt_L10_T2_split_0.80_rotated_mnist_lif_train_acc.png
total_elapsed_s=164.41

RUN snn_generalized_lt.py dataset=moving_gaussian layers=10 seed =0 timesteps=2 train_ratio=0.8
layer_params layers=10 width=600 input_dim=20 lif_beta=0.9
layer_dims L1:20->600 | L2:600->600 | L3:600->600 | L4:600->600 | L5:600->600 | L6:600->600 | L7:600->600 | L8:600->600 | L9:600->600 | L10:600->600
D(1,1) shape = (320, 2000)
D(1,2) shape = (320, 1963)
D(2,1) shape = (320, 1959)
D(2,2) shape = (320, 1898)
D(3,1) shape = (320, 1885)
D(3,2) shape = (320, 1843)
D(4,1) shape = (320, 1843)
D(4,2) shape = (320, 1791)
D(5,1) shape = (320, 1808)
D(5,2) shape = (320, 1797)
D(6,1) shape = (320, 1817)
D(6,2) shape = (320, 1801)
D(7,1) shape = (320, 1811)
D(7,2) shape = (320, 1787)
D(8,1) shape = (320, 1801)
D(8,2) shape = (320, 1783)
D(9,1) shape = (320, 1818)
D(9,2) shape = (320, 1822)
D(10,1) shape = (320, 1814)
D(10,2) shape = (320, 1831)
